   8.0564429e-03
   2.7752957e-03
   1.0499046e-02
   1.2180020e-02
   1.0615901e-02
   6.3466589e-03
   3.4978859e-03
   9.3646837e-03
   2.9717746e-03
   1.2007807e-02
   7.7798085e-03
   7.5289786e-03
   2.1649468e-03
   1.1332027e-03
   3.2017073e-03
   1.0768894e-02
   1.1427348e-02
   8.7753788e-03
   9.0958300e-03
   2.8834192e-03
   7.2253335e-03
   1.0167560e-02
   5.0653337e-03
   1.2397813e-02
   1.1288387e-03
   4.0255048e-03
   6.4145091e-03
   7.6017460e-04
   9.1021713e-03
   6.9807773e-03
   6.6396647e-03
   1.0410318e-02
   1.0771258e-02
   9.8966459e-03
   3.9865220e-03
   5.6719556e-03
   9.4350582e-03
   1.3779753e-03
   1.3764785e-03
   3.3851016e-03
   6.5804305e-03
   1.2199785e-02
   8.9105266e-03
   3.9116024e-03
   3.6556936e-03
   1.0665877e-02
   1.1434627e-02
   8.0183241e-03
   3.2030631e-03
   1.1121195e-03
   1.0514087e-02
   7.3340190e-03
   1.1891955e-02
   7.6547473e-04
   7.3330493e-03
   3.5760587e-03
   1.0382094e-02
   2.3955081e-03
   5.5505726e-03
   4.9344888e-03
   1.0367567e-02
   8.4898707e-03
   2.6039270e-03
   3.9899296e-03
   1.6783668e-03
   8.4220366e-03
   7.1618369e-03
   2.1293573e-03
   1.8520195e-03
   5.9713811e-03
   1.1390163e-02
   6.9258307e-03
   4.1315907e-04
   6.7559286e-04
   1.0097761e-02
   5.6615125e-03
   4.7994619e-03
   9.9043570e-03
   4.5691838e-03
   6.6771682e-03
   8.9261803e-03
   1.0930771e-02
   4.1226939e-03
   8.1543118e-03
   1.2227192e-02
   9.5284476e-04
   7.3628744e-03
   5.1913029e-03
   3.8774418e-03
   3.3092223e-03
   9.5170669e-03
   1.2482813e-02
   2.3401316e-03
   9.7977627e-03
   2.4558584e-03
   1.2446978e-02
   1.0062621e-02
   5.3209983e-03
   9.1420066e-03
   6.2507581e-03
   1.0147017e-02
   4.4716265e-03
   9.1867904e-04
   7.4126980e-03
   1.1416320e-02
   2.4303708e-03
   5.4231104e-03
   9.3965739e-03
   4.9148387e-04
   1.1869582e-02
   9.5786152e-03
   7.0091843e-03
   2.3059085e-03
   6.2456812e-03
   6.4952429e-03
   1.2470609e-02
   1.0722249e-02
   1.2071257e-02
   8.5158333e-03
   5.0610443e-03
   1.1727272e-02
   6.0140872e-03
   2.9073199e-03
   4.9705963e-03
   8.8436582e-03
   7.0059041e-03
   9.4902809e-03
   1.2486137e-02
   1.2071602e-02
   6.7112491e-03
   1.2089647e-02
   1.4502743e-03
   6.4530656e-04
   3.8173933e-03
   7.2772404e-03
   6.6597903e-03
   1.1303689e-02
   6.7800254e-03
   5.4182540e-03
   6.8065731e-03
   8.9356890e-03
   2.0914788e-04
   1.0045805e-02
   1.7874685e-03
   6.0014181e-03
   3.2214390e-03
   4.6294497e-03
   8.3003966e-03
   2.1273724e-03
   3.4967371e-03
