   1.0736747e-01
   1.1167267e-01
   9.9328024e-01
   9.7361681e-01
   8.1317818e-01
   7.2237510e-01
   2.8030131e-01
   1.1110396e-01
   2.6412907e-01
   6.3831532e-01
   6.5224927e-01
   7.7970586e-01
   2.1701972e-01
   9.5752114e-01
   4.7218178e-01
   6.6384692e-01
   9.5144613e-01
   6.6990692e-02
   4.5296252e-01
   6.6044699e-01
   8.4968563e-01
   1.1975215e-06
   8.5596741e-01
   5.2048026e-01
   2.1539684e-01
   1.6261185e-02
   8.5233738e-01
   6.7194194e-01
   7.5115558e-01
   1.8715249e-01
   3.1984916e-01
   1.5577703e-01
   3.2253984e-04
   6.5772905e-01
   6.6165870e-01
   3.1052025e-01
   2.6971553e-01
   5.6953640e-02
   3.4846808e-01
   8.0420265e-01
   1.8029540e-01
   9.3785138e-01
   6.0107114e-01
   4.8803393e-01
   6.9769389e-01
   9.0954994e-02
   1.1225471e-02
   6.9261147e-01
   4.3962297e-01
   1.3416700e-01
   4.6864187e-01
   4.6070506e-01
   7.0762236e-02
   6.6720298e-01
   7.4329460e-01
   7.8082915e-01
   8.3361849e-01
   8.9395630e-01
   9.9949270e-01
   9.6426240e-01
   9.5696976e-01
   3.7040051e-01
   8.1470744e-01
   4.9594370e-02
   4.8888353e-02
   4.4692647e-01
   9.6172772e-02
   6.3766768e-01
   8.4083094e-01
   1.0282563e-01
   3.5877005e-01
   6.9517159e-01
   5.5379298e-01
   4.5463578e-01
   3.3621086e-01
   8.0350375e-01
   6.6862230e-01
   1.0805068e-01
   5.0241982e-01
   8.6212224e-01
   2.3315761e-01
   4.1556215e-01
   3.0847234e-01
   6.3475616e-01
   1.3088072e-01
   5.2838418e-01
   6.0452578e-01
   6.0711325e-01
   6.4448474e-01
   1.9885450e-01
   7.5435607e-01
   3.3327550e-01
   6.7336889e-01
   4.7956408e-01
   5.5413246e-01
   5.9118796e-02
   8.0939815e-02
   2.7689131e-01
   6.7713432e-01
   6.8953432e-01
   1.6256262e-01
   6.5567026e-01
   7.7000477e-01
   7.6691939e-01
   6.8883744e-01
   8.4635628e-01
   3.4567754e-01
   6.3016369e-01
   9.8459361e-01
   7.2576083e-01
   9.9856615e-01
   8.3538365e-01
   6.3490183e-01
   4.0842058e-01
   3.9583274e-01
   5.2532167e-02
   4.0774008e-01
   2.1971798e-01
   6.6779323e-01
   1.9284849e-01
   3.5714747e-01
   8.6674387e-01
   5.4230781e-01
   9.9738589e-01
   3.2021032e-01
   4.6738284e-01
   9.6088868e-01
   9.8898128e-01
   3.7477986e-01
   1.2990285e-01
   1.8631455e-01
   9.1528333e-01
   9.4569516e-01
   5.9925526e-01
   1.0162709e-01
   9.6282726e-01
   4.1103985e-01
   3.4214951e-01
   7.2617992e-01
   2.8345658e-01
   1.1684326e-01
   5.4271002e-01
   2.3892269e-01
   4.3726337e-01
   3.6556696e-01
   6.1273527e-01
   7.0204633e-01
   9.9734451e-01
   3.8696285e-01
   2.7828622e-01
   4.5255276e-01
   2.1250432e-02
   8.3742192e-01
   4.1374083e-01
   3.0795243e-01
   8.0189886e-01
   3.8479651e-01
   7.8448085e-01
   4.6987340e-01
   9.6664736e-01
   5.8408963e-01
   4.5334401e-01
   4.3240974e-01
   5.0375754e-01
   4.5352351e-01
   4.4251569e-01
   5.3946253e-01
   6.1459198e-01
   9.7804848e-01
   3.5456341e-01
   2.7604112e-02
   4.3109442e-01
   5.4174912e-01
   4.0498963e-01
   9.7184773e-01
   6.6287255e-02
   8.8468666e-01
   1.4092573e-01
   9.4207791e-01
   1.0190762e-01
   2.0735708e-01
   1.1527621e-01
   6.2562337e-02
   9.3682607e-02
   2.6815106e-01
   1.1422708e-01
   5.1659219e-01
   2.2046064e-01
   5.6650326e-01
   5.6851541e-01
   4.7945463e-01
   9.8516278e-01
   7.3254994e-01
   2.3106457e-01
   1.7618567e-01
   6.2771628e-01
   5.3875794e-01
   1.1142297e-01
   4.0675590e-01
   1.9078397e-01
   1.5171483e-01
   2.4477502e-01
   4.0359818e-01
   9.0432811e-01
   6.6186688e-01
   2.2783304e-01
   1.9368652e-01
   3.4651776e-01
   7.6941516e-01
   6.9823454e-01
   1.9516441e-01
   7.6316756e-01
   8.0597376e-02
   3.7408341e-01
   1.1498976e-01
   3.7343845e-02
   9.6916423e-01
   5.3093949e-01
   2.5051887e-01
   6.0509594e-01
   9.8311286e-01
   9.6893579e-01
   9.1638294e-01
   6.4469399e-01
   3.0070238e-02
   5.4356060e-02
   6.5187088e-01
   7.7796703e-01
   3.3289191e-01
   4.6213819e-01
   8.3710833e-01
   8.9517679e-02
   6.2110484e-01
   8.7200092e-01
   3.9986828e-01
   1.8035261e-02
   2.5307006e-02
   9.8504747e-01
   9.8454637e-01
   9.7471504e-01
   7.2993477e-02
   2.5420243e-01
   5.9974333e-01
   3.5231504e-01
   8.4412410e-01
   1.3183331e-01
   9.6946370e-01
   2.7195245e-01
   4.6243495e-01
   2.0827816e-01
   1.0313850e-01
   9.3832928e-01
   3.5128350e-02
   3.8529143e-01
   6.5607756e-01
   5.8803188e-01
   2.7383646e-01
   3.3421295e-01
   7.2927091e-01
   7.6217724e-01
   9.9553126e-01
   5.6039619e-01
   9.8998280e-02
   9.4724695e-01
   1.8310646e-01
   4.5651131e-01
   1.4831822e-01
   9.6108891e-01
   1.2322729e-01
   8.3434552e-01
   2.1425196e-01
   6.2591998e-01
   7.4758754e-01
   3.9953125e-01
   8.6557395e-01
   4.7902077e-01
   8.8176944e-01
   3.1400093e-01
   3.0768060e-01
   8.7942934e-01
   7.7822229e-01
   5.4566215e-01
   2.3910074e-01
   6.9883565e-01
   1.1599650e-01
   9.1403366e-01
   1.0275118e-01
   5.8063112e-01
   1.7707917e-02
   4.2204194e-01
   8.5608605e-01
   8.0810638e-01
   6.7721282e-02
   8.0636570e-01
   3.8135599e-01
   3.5569459e-01
   4.8576367e-01
   9.0947411e-01
   1.4328932e-01
   1.7218693e-01
