   7.8267845e-01
   4.1398403e-01
   3.9700079e-01
   7.0406115e-01
   8.2301684e-01
   3.6004441e-01
   6.1556173e-01
   5.9633252e-01
   3.6117192e-01
   3.0135293e-01
   7.3127491e-01
   3.7918249e-02
   2.0017967e-03
   3.3546278e-01
   5.0385003e-01
   7.0424180e-01
   3.2003327e-01
   7.8763467e-01
   6.8684220e-02
   9.4855213e-01
   5.5268463e-01
   7.8225825e-01
   2.2776933e-01
   8.4054242e-01
   3.0463488e-01
   1.6580142e-01
   6.4206713e-01
   6.3376401e-01
   3.4625455e-02
   1.0203765e-01
   8.3313857e-01
   9.9919617e-01
   4.9896396e-01
   2.8826681e-01
   3.2359103e-01
   3.3270869e-01
   1.1292978e-01
   8.2179735e-01
   9.6030334e-01
   5.2631782e-01
   6.3095614e-01
   2.6302003e-01
   1.2169387e-02
   2.6229775e-01
   8.2450948e-01
   2.3061665e-01
   6.4844132e-01
   9.8115715e-01
   1.6046395e-01
   4.1576102e-01
   5.0708372e-01
   4.9415837e-01
   9.7499843e-01
   5.3673986e-01
   2.3177815e-01
   3.3202152e-01
   5.4354850e-01
   8.9966405e-01
   6.3455404e-01
   4.4653886e-01
   5.8697344e-01
   9.5566700e-01
   3.8287441e-01
   4.9018975e-01
   3.8143208e-02
   1.4126905e-01
   4.9903724e-01
   5.1694584e-01
   4.0493624e-01
   6.7384594e-01
   8.2744630e-02
   9.2619012e-01
   8.3972421e-01
   3.6956342e-01
   5.9605467e-01
   3.7728520e-02
   5.8264873e-01
   4.2713957e-01
   4.5516730e-02
   2.0128943e-01
   5.2906632e-01
   4.6511361e-01
   8.4690166e-01
   8.3987878e-01
   2.1740902e-01
   6.9084979e-01
   3.1751294e-01
   1.6863710e-01
   7.9084875e-01
   7.9544185e-01
   8.6151196e-01
   1.4976711e-01
   4.7343189e-01
   7.6156867e-01
   8.3211164e-01
   9.8500566e-01
   6.1333835e-01
   9.5019821e-01
   5.4553830e-01
   2.6756909e-01
   3.9372118e-01
   1.0951076e-01
   5.2122981e-01
   3.0360596e-01
   9.3450994e-02
   8.0335414e-01
   8.5731012e-01
   5.6346698e-01
   1.1041635e-01
   5.3383131e-01
   6.4025207e-01
   4.7891543e-01
   6.0626757e-01
   8.5252710e-01
   6.3237190e-01
   8.5599994e-01
   2.9450279e-01
   1.8335087e-01
   6.7371635e-01
   7.5663906e-01
   2.0697313e-01
   1.8954901e-02
   1.5011137e-01
   7.4066332e-01
   1.2368564e-01
   6.7208058e-01
   1.9094243e-01
   1.2234189e-01
   2.3843553e-01
   3.6391887e-01
   4.6846630e-01
   3.8726561e-01
   2.4061098e-01
   3.8150049e-01
   1.7125134e-01
   7.8006547e-01
   1.7926316e-01
   1.6379542e-01
   7.4241345e-01
   3.7821404e-01
   3.4683633e-01
   6.5729009e-01
   6.0946594e-01
   1.2615402e-01
   4.0911262e-02
   6.9795166e-01
   8.3528377e-01
   3.6638563e-01
   1.5613688e-01
   5.6204784e-03
   2.1686169e-01
   2.3604686e-01
   8.2898453e-01
   7.2714718e-01
   7.8723740e-01
   6.7864694e-01
   9.6315473e-01
   3.1278500e-01
   1.7539583e-01
   4.3884590e-01
   6.9907344e-01
   7.5886325e-01
   5.1962070e-01
   5.6517101e-02
   4.9672871e-01
   7.8473503e-01
   4.2946036e-01
   2.6576305e-01
   5.0873640e-01
   8.2068609e-01
   9.9646075e-03
   3.7957422e-01
   1.8496256e-01
   2.2093830e-01
   1.1322002e-01
   9.6996046e-01
   4.8586667e-01
   4.7886307e-01
   1.8633577e-01
   7.4636673e-01
   2.1005258e-01
   5.8503216e-01
   3.7974202e-02
   7.9278413e-01
   9.6115064e-01
   2.6956091e-02
   5.9216880e-01
   5.2081679e-02
   9.2647702e-01
   7.4517203e-01
   1.0533944e-01
   7.3025957e-01
   5.5001134e-01
   5.6289134e-01
   5.3426724e-01
   8.7606116e-01
   3.1556679e-01
   1.5846003e-02
   2.7432732e-01
   5.3357611e-01
   3.3663323e-01
   7.8715005e-01
   2.0680158e-01
   1.7443424e-01
   5.4496983e-02
   3.4985143e-01
   5.6244045e-01
   9.0076549e-01
   2.8125154e-01
   5.2362240e-01
   7.6606342e-01
   9.7971312e-01
   3.4173189e-01
   1.1803615e-01
   1.0550817e-01
   6.9635828e-01
   9.2624914e-02
   2.7669840e-01
   3.2189007e-03
   1.1678487e-01
   6.6006321e-01
   4.0888790e-01
   4.2046040e-02
   7.1831388e-01
   2.6967043e-01
   7.0449712e-01
   4.0153965e-01
   4.3153526e-01
   4.5365613e-01
   2.1467263e-01
   7.1843824e-01
   8.7627077e-02
   1.9762168e-01
   7.2099040e-01
   2.7343766e-01
   4.8762814e-01
   4.4904182e-01
   5.1147760e-01
   4.4564365e-01
   2.4919218e-01
   2.4787233e-01
   6.8355670e-02
   2.1565064e-02
   7.3590864e-01
   6.4344019e-01
   8.6181121e-01
   3.2509378e-01
   9.5942300e-01
   6.4709545e-01
   6.0813667e-01
   6.1841084e-01
   5.0113644e-01
   7.4354380e-01
   7.2710987e-01
   8.1306752e-01
   7.8377441e-01
   7.3849068e-01
   7.8072029e-02
   1.3254796e-01
   8.4947514e-01
   7.9319623e-01
   4.7779794e-01
   4.6678330e-01
   7.9144443e-01
   8.1986839e-01
   3.7978778e-01
   4.8737776e-01
   9.9472902e-01
   4.9873709e-01
   3.2026884e-02
   4.7006155e-01
   9.0848251e-01
   1.4393064e-01
   6.0933887e-01
   8.7346405e-01
   5.8107488e-01
   2.2967562e-01
   6.3565681e-01
   7.4286256e-01
   6.5676169e-01
   6.3815756e-01
   4.7411063e-01
   6.5314875e-01
   1.7517952e-01
   8.8641361e-02
   7.9567665e-01
   3.1485417e-02
   9.1757217e-01
   6.4757942e-01
   3.4525253e-01
   7.3063649e-01
   5.2571111e-02
   2.1246340e-01
   5.1733748e-03
   1.0016436e-01
   9.2125344e-01
   1.7649297e-02
   4.6231690e-01
   4.9962430e-01
   9.8537883e-01
